# Created by Octave 6.1.0, Mon Dec 21 13:10:58 2020 GMT <unknown@Shockley>
# name: v
# type: matrix
# rows: 1
# columns: 10
 2104 1600 2400 1416 3000 1985 1534 1427 1380 1494


